%Problem 4 8.17
%John Moosemiller
%April 27 2015

TA = 305
PA = 1.05
PB = 7.5
n = 8









